shape_id,shape_pt_lat,shape_pt_lon,shape_pt_sequence,shape_dist_traveled
1,47.61356252137029,-122.35349714756012,1,
1,47.61310686532273,-122.36846924351993,2,
1,47.61356975397398,-122.3944854765432,3,
1,47.61646271521382,-122.42006302170921,4,
1,47.62421506209668,-122.44615555100609,5,
1,47.62918984328188,-122.4542999267578,6,
1,47.64145123518673,-122.461090090801,7,
1,47.65648486332888,-122.46315002732446,8,
1,47.67139857075435,-122.46297836594748,9,
1,47.688388066669894,-122.45954513840843,10,
1,47.70849093233886,-122.45182037644553,11,
1,47.71957885071066,-122.44718551926779,12,
1,47.73955424703246,-122.44375229172874,13,
1,47.756521540032146,-122.44443893723655,14,
1,47.7809816371814,-122.44958877854515,15,
1,47.84265762816538,-122.39318847656249,16,
1,47.864773955792245,-122.36846923828125,17,
1,47.89977218436005,-122.34924316406251,18,
1,47.92554522341879,-122.34374999999999,19,
1,47.951305426762616,-122.33276367187499,20,
1,47.97705279557946,-122.33276367187499,21,
1,47.99727386804474,-122.35198974609375,22,
1,48.00921895987258,-122.35198974609375,23,
1,48.02483529097477,-122.354736328125,24,
1,48.042283240282366,-122.36984252929688,25,
1,48.05146399853115,-122.39181518554686,26,
1,48.05972528178409,-122.42752075195314,27,
1,48.0762438718672,-122.4481201171875,28,
1,48.09459164290992,-122.46871948242186,29,
1,48.11293286919236,-122.51266479492188,30,
1,48.157841216653935,-122.55249023437501,31,
1,48.19081007655071,-122.56072998046875,32,
1,48.238394341604305,-122.5689697265625,33,
1,48.25942712329832,-122.54699707031249,34,
1,48.272225451004324,-122.50717163085938,35,
1,48.28593438872724,-122.47833251953125,36,
1,48.316994361929304,-122.48931884765626,37,
1,48.355336473558054,-122.55523681640625,38,
1,48.38088186285944,-122.57034301757812,39,
1,48.39091404578955,-122.57995605468749,40,
1,48.41534021916707,-122.59515762620138,41,
1,48.4151123464267,-122.60236740403342,42,
1,48.4146186174932,-122.60501861572264,43,
1,48.41294750445502,-122.60923385911155,44,
1,48.41021283547682,-122.61850357346702,45,
1,48.40883594878665,-122.62840747833252,46,
1,48.40738305673455,-122.63630390167236,47,
1,48.406186526230506,-122.6380205154419,48,
1,48.40610105868873,-122.64359951019287,49,
1,48.40622451204833,-122.65512466503422,50,
1,48.40783887047417,-122.66007900238036,51,
1,48.42259363317972,-122.69084930419922,52,
1,48.43125080512245,-122.70149230957031,53,
1,48.45106561953216,-122.73513793945311,54,
1,48.52297165304543,-122.75024414062499,55,
1,48.5275192374508,-122.78320312499999,56,
1,48.53524919382565,-122.82508850097656,57,
1,48.54388716039111,-122.83882141113281,58,
1,48.562976382535126,-122.84912109375,59,
1,48.5720639570219,-122.86216735839842,60,
1,48.57615283276894,-122.87452697753905,61,
1,48.57615283276894,-122.88364410982467,62,
1,48.57388127595649,-122.89428711519577,63,
1,48.566838801229046,-122.90527344332078,64,
1,48.55775028773465,-122.91385651216842,65,
1,48.54911468724987,-122.92655945406295,66,
1,48.54365986436566,-122.93720245943405,67,
1,48.54002298913548,-122.9509353695903,68,
1,48.54161415420271,-122.97084808931685,69,
1,48.54365986436566,-122.98183441744186,70,
1,48.54388716039111,-122.99419403658248,71,
1,48.54377351250597,-123.00079345994163,72,
1,48.54263701961939,-123.00783157639671,73,
1,48.5408185779213,-123.01092148118185,74,
1,48.53854543392957,-123.01109314255882,75,
1,48.53712466709843,-123.01209449840826,76,
1,48.535661235575695,-123.01401257514955,77,
2,48.535661235575695,-123.01401257514955,1,
2,48.5372383299123,-123.01202774178817,2,
2,48.538176038389366,-123.01102161480229,3,
2,48.54096064603151,-123.01003456188482,4,
2,48.54181304631926,-123.00879001690191,5,
2,48.54243813074055,-123.00655841900152,6,
2,48.54377351250597,-122.99548626018804,7,
2,48.54354621597015,-122.98688888840843,8,
2,48.540477612829946,-122.96234131150415,9,
2,48.54013664544188,-122.95375824265646,10,
2,48.50523217211621,-122.95608521089889,11,
2,48.472466042367756,-122.96020508394577,12,
2,48.4446892813921,-122.94784546480513,13,
2,48.295985271707636,-122.89581298828125,14,
2,48.18348549519126,-122.79907228890806,15,
2,48.154176701412744,-122.71530153695493,16,
2,48.11751715319754,-122.64389040414244,17,
2,48.00278733106708,-122.62603762093931,18,
2,47.96601978044179,-122.5875854725018,19,
2,47.933826688535746,-122.4983215564862,20,
2,47.883197023516125,-122.46948244515806,21,
2,47.80762081718071,-122.45574953500181,22,
2,47.73655265353599,-122.44201662484556,23,
2,47.68573021131587,-122.46261599007993,24,
2,47.63115648664202,-122.45849611703306,25,
2,47.61773556745509,-122.42597579956053,26,
2,47.61426407926828,-122.40615845017601,27,
2,47.61356252137029,-122.35349714756012,28,
4,47.61356252137029,-122.35349714756012,1,
4,47.61333831016053,-122.36743928049691,2,
4,47.61356975397398,-122.3851394711528,3,
4,47.61449551898437,-122.40882874117233,4,
4,47.61796699180627,-122.42496491060591,5,
4,47.62652897270761,-122.44865418062544,6,
4,47.64295479273205,-122.46135712251998,7,
4,47.66423127417956,-122.46273041353561,8,
4,47.690352481405704,-122.45895386324264,9,
4,47.714381682734256,-122.45002747164106,10,
4,47.736783551486944,-122.44419098482466,11,
4,47.76263764278695,-122.4459075985942,12,
4,47.80024163283363,-122.45311737642623,13,
4,47.83827932011226,-122.45895386324264,14,
4,47.867537833518504,-122.46238709078169,15,
4,47.898851481269304,-122.47474670992233,16,
4,47.9195633405372,-122.48779297457077,17,
4,47.931986477556784,-122.5008392392192,18,
4,47.952685075446546,-122.55989075289106,19,
4,47.969467850886666,-122.5938797055278,20,
4,48.00026040032484,-122.62512207613327,21,
4,48.04388999110999,-122.63507843599655,22,
4,48.08771199575739,-122.63610840425825,23,
4,48.10880666387664,-122.64125824556686,24,
4,48.121871844155066,-122.64949799166061,25,
4,48.13745402934834,-122.67627716646528,26,
4,48.181196348841176,-122.79232025728561,27,
4,48.23725100780226,-122.96913147554733,28,
4,48.301695119354115,-123.17237854585983,29,
4,48.35168608617595,-123.32893372164108,30,
4,48.37198804748715,-123.36601257906295,31,
4,48.406414438973066,-123.39794159517623,32,
4,48.410174851768595,-123.39779853966319,33,
4,48.4146186174932,-123.39676857140148,34,
4,48.4199164459878,-123.39324951317393,35,
4,48.42390369467755,-123.3897304549464,36,
4,48.424644149283615,-123.38655471947276,37,
4,48.42470110688341,-123.38071823265635,38,
4,48.424729585659385,-123.37753772735596,39,
4,48.424601431041864,-123.37589740789552,40,
4,48.42369009999806,-123.37438344955444,41,
4,48.42273603280426,-123.37336540258549,42,
4,48.42241563308806,-123.37359488010405,43,
5,48.42241563308806,-123.37359488010405,1,
5,48.422650593077435,-123.3733105662759,2,
5,48.42284283226086,-123.37340235728334,3,
5,48.42422408501373,-123.37501168269227,4,
5,48.424523114172054,-123.37579488772461,5,
5,48.424722465966894,-123.3773398401172,6,
5,48.424815021891554,-123.38387370127748,7,
5,48.424815021891554,-123.38692069071841,8,
5,48.42461567045975,-123.38847637194704,9,
5,48.42397489270458,-123.39007496851991,10,
5,48.423049310574,-123.39102983492923,11,
5,48.417324566616266,-123.39535951650761,12,
5,48.41487497674377,-123.39675426519534,13,
5,48.412183140144066,-123.39780569112916,14,
5,48.408479851633494,-123.39797735250612,15,
5,48.40583041052553,-123.39709758794925,16,
5,48.39738261494175,-123.39184045828004,17,
5,48.395202770513876,-123.3905529979529,18,
5,48.38909015961602,-123.38435173071046,19,
5,48.37929990353772,-123.37433099783085,20,
5,48.37250119445215,-123.36748600042483,21,
5,48.3717314720654,-123.3667564395728,22,
5,48.3675120463619,-123.35883855856082,23,
5,48.358102608560635,-123.34184408224246,24,
5,48.3525844479562,-123.33186626470705,25,
5,48.34618149199625,-123.311502933866,26,
5,48.33895046102116,-123.28882217443606,27,
5,48.33474258432491,-123.27547550237796,28,
5,48.32848005026438,-123.25582027471683,29,
5,48.32257344785685,-123.23693752325198,30,
5,48.31653773453477,-123.21801185644289,31,
5,48.31003035008998,-123.19756269491336,32,
5,48.305848632221846,-123.18443059957644,33,
5,48.298226463047165,-123.16022634542605,34,
5,48.2911456758555,-123.13814640081546,35,
5,48.283321406266424,-123.11325550115725,36,
5,48.271597036521754,-123.07639122045657,37,
5,48.179364958157066,-122.78182983398436,38,
5,48.13172583437477,-122.66616822453217,39,
5,48.120267527274464,-122.64831544132902,40,
5,48.09963613254913,-122.63938904972747,41,
5,48.00830020485928,-122.62977601261808,42,
5,47.98579780170335,-122.6142495896006,43,
5,47.97153658265933,-122.5968170282431,44,
5,47.958663127446556,-122.57415772648528,45,
5,47.9444066308325,-122.53364564152434,46,
5,47.934286731048225,-122.50137330265716,47,
5,47.92002350993272,-122.48626710148528,48,
5,47.8495699938336,-122.45880128117277,49,
5,47.73886158696898,-122.4443817255087,50,
5,47.68110753158711,-122.4608612176962,51,
5,47.635320898879414,-122.4601745721884,52,
5,47.61958693358351,-122.43682862492278,53,
5,47.61356975397398,-122.40524293156341,54,
5,47.61356252137029,-122.35349714756012,55,
